1,1,19.958872220690427,70.48271395361286,1,9,0
1,2,4.782083372715323,92.19714885694097,0,13,0
1,3,4.5483225038730035,78.07102788293042,0,13,0
1,4,23.100043326011786,84.8342466476182,1,13,0
1,5,0.4112005115874967,34.56816952928145,0,5,0
1,6,33.58729524666771,72.80705896206806,0,10,0
1,7,86.76650702099937,42.51360308766566,0,8,0
1,8,65.81596010060525,15.25840034105634,0,3,0
1,9,2.9775857762195823,4.673301578591134,0,1,0
1,10,28.02095821528099,28.41020451597785,0,6,0
1,11,67.3947478201375,3.4389056993708578,0,3,0
1,12,49.27968332435741,58.35480966232128,0,10,0
1,13,16.15587265879407,84.22098431432543,0,13,0
1,14,76.0251695839729,16.06562328381847,0,4,0
1,15,77.30325401684298,36.39630540609317,0,8,0
1,16,2.1153623939376662,79.9529441173862,0,13,0
1,17,11.207806162135796,71.41107981646773,0,9,0
1,18,72.09609267106309,5.425478061516559,0,3,0
1,19,10.866660144032966,10.445970329972527,0,1,0
1,20,87.595233870195,54.57414180444672,0,12,0
1,21,62.88421628389003,64.64281114563902,0,11,0
1,22,21.813895327999965,5.405874828428888,0,1,0
1,23,3.683368635988463,13.832384220811095,0,1,0
1,24,95.44847845003784,81.44876433126062,0,16,0
1,25,91.89215527804579,84.25924912938756,0,16,0
1,26,51.03908495319526,84.05387976905807,0,15,0
1,27,81.92509985707386,34.047394265048666,0,8,0
1,28,21.66174360281334,85.55801503749431,0,13,0
1,29,62.25564835124207,61.575800247689116,0,11,0
1,30,10.581546799578485,56.975476939267075,0,9,0
1,31,12.492300833737145,47.894527298033644,0,5,0
1,32,9.57174471213736,80.63824313987702,0,13,0
1,33,14.88541252202582,21.019446000635046,0,1,0
1,34,19.704279859237626,72.84003896147951,0,9,0
1,35,42.94974802973354,58.19749584886807,0,10,0
1,36,45.71201094574907,31.049989748827247,0,6,0
1,37,78.9383264183057,57.07450695107821,0,12,0
1,38,31.967901593720256,64.74753949740004,0,10,0
1,39,98.85118998368273,10.818805604442996,0,4,0
1,40,72.61584187909368,94.4372037633437,0,15,0
1,41,69.64398875448406,98.74837376824115,0,15,0
1,42,34.65033444035769,65.68447716784779,0,10,0
1,43,27.86271202511229,67.79802166937506,0,10,0
1,44,99.81378709030905,75.9069935342571,0,16,0
1,45,22.504838086079825,85.5563821050001,0,13,0
1,46,41.68758554815693,83.12119957069649,0,14,0
1,47,26.236242650227517,52.22591998877101,0,10,0
1,48,20.276179778609578,81.14827105390225,0,13,0
1,49,92.35272795540415,5.3150847741271114,0,4,0
1,50,17.704549140722587,2.602580937230908,0,1,0
1,51,15.123199966432571,71.1317736848371,0,9,0
1,52,75.37022186144756,22.66651488966692,0,4,0
1,53,60.32559772515658,3.3460160232972407,0,3,0
1,54,93.03574846427591,18.46520241827038,0,4,0
1,55,30.07455757437449,92.1822106556316,0,14,0
1,56,74.55042183966461,1.1792198892470855,0,3,0
1,57,33.026855233498395,14.753587882841199,0,2,0
1,58,4.770253284119599,20.19550487775253,0,1,0
1,59,92.07231066564405,41.9779726777308,0,8,0
1,60,22.13354882055462,99.15393170441557,0,13,0
1,61,65.99416254967707,62.592187551698046,0,11,0
1,62,28.461093235313893,16.151194756657624,0,2,0
1,63,87.29921412922201,61.56731808402564,1,12,0
1,64,85.42636133948831,41.892554431734865,1,8,0
1,65,76.28964843958404,69.70112034960844,0,12,0
1,66,13.201000107543335,0.8848762142705171,0,1,0
1,67,1.200193169345658,28.31353758063143,0,5,0
1,68,41.62003456068085,86.01668647656867,0,14,0
1,69,14.058173980532004,38.32590130998461,0,5,0
1,70,62.7582486383751,98.89814335686549,0,15,0
1,71,32.82271197378982,56.41336052047985,0,10,0
1,72,21.411975189441804,37.46918450265287,0,5,0
1,73,0.4236065648406133,89.80698304097925,0,13,0
1,74,42.888071227096425,59.11950233162775,0,10,0
1,75,32.52304402735057,30.04083151444741,0,6,0
1,76,79.64325796535168,22.358863582742,0,4,0
1,77,96.12589934632776,50.13911253235956,0,12,0
1,78,87.99983253926546,32.64999417462244,0,8,0
1,79,71.919802003969,40.65556587019492,0,7,0
1,80,56.92744911909143,13.896675861583214,0,3,0
2,1,20.360634504885933,70.57404700451653,0,9,9
2,2,3.7301644127724423,90.94165667953054,0,13,13
2,3,4.585290333945797,76.81289969755605,0,13,13
2,4,22.325916632342132,85.36621492484923,0,13,13
2,5,0.596941883214428,34.97181979932058,0,5,5
2,6,33.34295717104369,71.72030867549236,0,10,10
2,7,86.72527960950626,41.427978824545,0,8,8
2,8,65.11732532476475,14.225638980674804,0,3,3
2,9,3.007397565611273,3.6013086283563083,0,1,1
2,10,28.000451954178033,29.299259493011856,0,6,6
2,11,66.8830765948046,4.562519031905484,0,3,3
2,12,49.556376575812216,57.68196775779954,0,10,10
2,13,15.883881577431689,83.21853490983601,0,13,13
2,14,75.60712229988003,15.131556228013565,0,4,4
2,15,75.88688810848939,35.75768630193117,0,8,8
2,16,2.0954851347440373,80.62062510129103,0,13,13
2,17,10.719451020640737,71.90728852135781,0,9,9
2,18,72.54469476566548,6.2025078790837895,0,3,3
2,19,11.075730345021157,11.315412413922912,0,1,1
2,20,87.53402405027158,53.344084170217826,0,12,12
2,21,63.24807591209058,63.114794649195034,0,11,11
2,22,21.902460658409442,3.9068879981547946,0,1,1
2,23,3.319526848891376,13.836767313455796,0,1,1
2,24,95.0827486875464,79.82745494050874,0,16,16
2,25,91.50979406762714,84.35128549159144,0,16,16
2,26,50.487697133029755,83.79023143567935,0,15,15
2,27,83.22533031308657,33.27342421154284,0,8,8
2,28,22.98262960146908,84.55624937635659,0,13,13
2,29,63.4565559747175,61.308281308417435,0,11,11
2,30,11.928125363790144,55.98900721579525,0,9,9
2,31,11.859349147509802,47.45267709338272,0,5,5
2,32,9.520651368211373,80.97062799719569,0,13,13
2,33,15.647427556195009,19.644992063709747,1,1,1
2,34,20.836118662964086,71.7014231808545,0,9,9
2,35,44.0764361425255,57.93358151526723,0,10,10
2,36,45.104919343173904,30.66263028958489,0,6,6
2,37,79.99150891200289,56.5786809939279,1,12,12
2,38,32.77707625083268,63.82875981843392,0,10,10
2,39,97.98761102995094,11.16456682526366,0,4,4
2,40,72.42424433815762,95.10444698979437,0,15,15
2,41,70.84512947222663,98.31691318035027,0,15,15
2,42,35.30324885809504,64.01427504558247,0,10,10
2,43,29.022084739544844,67.79409885353667,1,10,10
2,44,99.11710321672544,75.53646399264443,0,16,16
2,45,22.105974204611936,85.42038174752092,0,13,13
2,46,42.280737942544924,82.29510573469355,0,14,14
2,47,26.64984932208387,51.30496849641396,0,10,10
2,48,21.275061268314804,81.13860786917627,0,13,13
2,49,91.87255966915548,6.39458557159439,0,4,4
2,50,17.43555169588001,1.8907150958028132,0,1,1
2,51,16.485662857385357,69.70054296951764,0,9,9
2,52,75.96224787158465,23.161345506764388,0,4,4
2,53,61.319114420765544,3.8158608236924816,1,3,3
2,54,94.00434326930299,17.021433723209952,1,4,4
2,55,30.108120317962552,90.57973533497831,0,14,14
2,56,75.4788855338655,0.5674163492271465,0,4,3
2,57,32.68331088734381,13.073293631477208,0,2,2
2,58,5.8660780518050455,20.122363997075226,0,1,1
2,59,91.90532277459265,42.26102979274031,0,8,8
2,60,21.694631380618596,99.14757485566014,0,13,13
2,61,64.882207745382,63.13815487133925,0,11,11
2,62,27.54573193313353,16.808414796745204,0,2,2
2,63,88.12182904777526,62.52500477388539,0,12,12
2,64,84.63692531059364,43.38932846823381,0,8,8
2,65,76.61745513555306,71.23384347992635,0,12,12
2,66,12.315316109498598,0.6157903213736846,0,1,1
2,67,0.08274060201124166,29.373095023549343,0,5,5
2,68,41.54065974510197,87.13530520531995,0,14,14
2,69,13.40630477024637,39.812816825200365,0,5,5
2,70,61.78000100416792,98.24224356722573,0,15,15
2,71,33.86008039759795,57.31133740391138,0,10,10
2,72,20.60607087172448,38.52138567652699,0,5,5
2,73,0.06358082339541765,89.48565750772086,0,13,13
2,74,43.927228436507534,59.60257344760881,0,10,10
2,75,33.5512611621818,30.82556004044568,0,6,6
2,76,80.02923467665163,22.591659522544788,0,4,4
2,77,95.57332352090981,50.97642349998014,0,12,12
2,78,86.87198659562503,31.71408163503638,0,8,8
2,79,72.28487236686323,40.008134710746376,0,7,7
2,80,56.62201632164661,14.859381788199524,0,3,3
3,1,19.233536570670328,70.95927008485751,0,9,9
3,2,3.1346462192212448,89.51405144428237,0,13,13
3,3,3.5980416865075977,75.55335101962825,0,13,13
3,4,20.862679662928368,84.78086098834167,0,13,13
3,5,0.461602867047445,35.4859178694681,0,5,5
3,6,33.94959651287062,72.0995087006226,0,10,10
3,7,85.40074535530907,41.655070520860036,0,8,8
3,8,63.94510810987754,14.661931244591365,0,3,3
3,9,3.2922237994316337,2.6257877881132226,0,1,1
3,10,28.364861726865378,28.417129450867805,0,6,6
3,11,65.17268319696285,4.956322878799142,0,3,3
3,12,48.70549049398974,58.57773503986828,0,10,10
3,13,14.45512834744151,83.04154231514056,0,13,13
3,14,75.7683452024603,14.66819411224807,0,4,4
3,15,74.67344400925397,34.92090085593413,0,7,8
3,16,3.1176399525876235,80.66512714561364,0,13,13
3,17,10.414149485904394,72.50735485584146,0,9,9
3,18,72.45513570021234,7.157013754178673,1,3,3
3,19,11.798699152594732,10.438217245911547,0,1,1
3,20,86.75973769822279,53.95280715751864,0,12,12
3,21,64.58621079243551,62.58584965836079,0,11,11
3,22,22.25463123912984,2.3571066872360382,0,1,1
3,23,3.634079559837485,12.265287947503126,1,1,1
3,24,95.42839750684807,78.12362323616803,0,16,16
3,25,90.65524803200468,83.81881979401598,0,16,16
3,26,49.925792830719935,83.50567359485156,0,14,15
3,27,84.4127680097993,32.94567826107284,1,8,8
3,28,23.8130360053883,82.95430666073669,0,13,13
3,29,64.74916786329914,60.794089495147894,0,11,11
3,30,11.353875290855461,55.55027961091778,0,9,9
3,31,11.403263051640439,47.45557346990536,0,5,5
3,32,9.121154446713604,81.07273671844399,0,13,13
3,33,16.353514283108755,20.172222882458065,0,1,1
3,34,20.17410205407433,71.4068014228546,0,9,9
3,35,44.96878555467696,58.038907824843065,0,10,10
3,36,44.78573906020475,31.523146993971995,0,6,6
3,37,80.05975009243876,55.69408258249929,0,12,12
3,38,32.42279974999917,64.51211460528535,0,10,10
3,39,99.0596249137297,11.566470265467114,0,4,4
3,40,73.6437327903385,94.59934084138737,0,15,15
3,41,69.76971177578208,98.1341909624014,0,15,15
3,42,34.20057688069822,63.380849163466756,0,10,10
3,43,28.014548654697585,67.52978626060421,0,10,10
3,44,99.55398011531895,75.35149764022478,0,16,16
3,45,20.99500496037156,84.86444066586648,0,13,13
3,46,41.235819606830866,82.20519533440951,0,14,14
3,47,26.66125423707304,50.26722245095896,0,10,10
3,48,20.57741434790596,80.34220038757455,0,13,13
3,49,92.03170444160108,5.581804347379858,0,4,4
3,50,18.09224789895795,1.4558049930033814,0,1,1
3,51,18.18907055275585,68.58419051507276,1,9,9
3,52,77.33537782433321,22.02100067920683,0,4,4
3,53,62.8594898724642,2.8933796115999324,0,3,3
3,54,93.59425945364609,16.464825929591626,0,4,4
3,55,31.54486698148273,89.11364506501344,0,14,14
3,56,74.46573675614572,0.3405020806622481,0,3,4
3,57,32.56715582135805,11.395156766993294,0,2,2
3,58,5.509528325017387,18.694052550931865,0,1,1
3,59,92.38249765066313,42.39615140322929,0,8,8
3,60,22.717024385067194,98.79645241383928,0,13,13
3,61,64.79495163868685,64.771588669681,0,11,11
3,62,28.25039781135998,18.499546659816886,0,2,2
3,63,88.88326550353294,62.760666147364816,0,12,12
3,64,85.48560935429519,44.16198161475163,0,8,8
3,65,76.89747290630746,70.95577295698284,0,12,12
3,66,12.40096462330528,0.2836097793742133,0,1,1
3,67,1.0101976725304944,29.348435763241444,0,5,5
3,68,40.09148682232602,87.63073682828775,0,14,14
3,69,13.5155211572872,39.45542298847532,0,5,5
3,70,61.58502645564458,99.42152222936261,0,15,15
3,71,33.998752142192394,56.908266336859896,0,10,10
3,72,20.743312860598568,40.115817751180636,0,5,5
3,73,0.6652977461419596,90.19535973472011,0,13,13
3,74,45.01359806085411,60.42774737487626,0,10,10
3,75,34.282799267600254,30.666280482957497,0,6,6
3,76,78.46705866117131,22.45641986180962,0,4,4
3,77,94.32517674918729,51.50743940212457,1,12,12
3,78,86.36682051365082,32.59270306600754,0,8,8
3,79,72.25005254033503,38.959503869754,0,7,7
3,80,55.26566387458127,14.268853667242205,0,3,3
4,1,19.135511938827587,70.82121766039971,0,9,9
4,2,3.1654264520333717,89.61238258370865,1,13,13
4,3,3.7310982327570836,75.8222663445231,0,13,13
4,4,22.590385242088786,84.88193149507087,0,13,13
4,5,2.0928685342471094,35.787330897163336,0,5,5
4,6,33.591373679548305,73.00816300717142,0,10,10
4,7,84.1219539366416,41.978566996480886,0,8,8
4,8,64.49406027616247,15.032139636718393,0,3,3
4,9,2.448973020985619,1.772766259219436,0,1,1
4,10,27.773563383506804,27.39404113321654,0,6,6
4,11,64.44389324112542,4.160379661507188,0,3,3
4,12,49.201289997985725,58.62584721239528,0,10,10
4,13,14.631390838980892,83.80905699535093,0,13,13
4,14,74.66697889206792,13.787456346611526,0,3,4
4,15,75.03340647777681,35.05937279681645,0,8,7
4,16,3.5099087815552963,79.38469611723451,0,13,13
4,17,10.593826590716374,73.186783775685,0,9,9
4,18,73.1325534867966,7.706780782635333,0,3,3
4,19,11.916544758331346,11.316488040595136,0,1,1
4,20,87.36139293526949,53.23326604629557,0,12,12
4,21,65.82746090296199,62.46501352165299,0,11,11
4,22,23.242250164676506,0.9926718758959348,1,1,1
4,23,3.8603110858484495,12.65909904749795,0,1,1
4,24,96.28929987105907,76.73974429295896,0,16,16
4,25,91.76588433180582,82.96622626573607,0,16,16
4,26,49.29003851686865,82.48358590464393,0,14,14
4,27,84.21531720451674,33.05329918831986,0,8,8
4,28,24.36222272075522,81.25435608211792,0,13,13
4,29,64.57674680737686,60.913276079335965,0,11,11
4,30,11.357998482813418,55.80336848050377,0,9,9
4,31,10.955978468867643,47.46963306337186,0,5,5
4,32,10.121063188650037,81.19836286997943,0,13,13
4,33,17.357163639091493,18.913786745257234,0,1,1
4,34,21.37981452039796,71.1900524743948,0,9,9
4,35,46.11272194333025,57.180812015935174,0,10,10
4,36,44.19302990590922,31.110517992784647,0,6,6
4,37,81.29618237813861,55.848674560836564,0,12,12
4,38,32.862157854425675,63.4795147258671,0,10,10
4,39,98.17317127294973,11.662388443048902,0,4,4
4,40,73.0026364851903,93.9532122229199,0,15,15
4,41,70.43983187672902,97.03286305073168,0,15,15
4,42,34.91494724458792,62.11312833920842,0,10,10
4,43,28.727602860364726,66.2602004952373,0,10,10
4,44,99.45152795852071,73.66931613239339,0,12,16
4,45,20.69535364619889,85.12978927193531,0,13,13
4,46,40.52272405720283,81.40153592595294,0,14,14
4,47,27.58861950794889,50.27265527358841,0,10,10
4,48,19.60977925227998,80.02863262550088,0,13,13
4,49,92.1348909425259,6.695888142165598,0,4,4
4,50,19.00940433911034,1.5116902928622382,0,1,1
4,51,19.89085984954703,68.65745275215552,0,9,9
4,52,77.80449920750344,20.526072776287133,0,4,4
4,53,63.229825042921895,3.383827751470359,0,3,3
4,54,93.5872901103734,16.749764421829205,0,4,4
4,55,32.188807683465555,87.284641984689,0,14,14
4,56,74.58865357252549,1.9879513897246737,0,3,3
4,57,32.8200565919828,11.140386310284924,0,2,2
4,58,4.82840683985107,19.19902933693534,0,1,1
4,59,91.83664235634487,43.798130189764,0,8,8
4,60,23.797611859569344,99.5509980951407,0,13,13
4,61,65.5844360010204,64.98448668972402,0,11,11
4,62,27.73560594037997,18.61752787444263,0,2,2
4,63,89.12219980461323,64.36079537328833,0,12,12
4,64,85.48311898738685,43.90430634131918,0,8,8
4,65,76.02977211404507,70.9335091929078,0,12,12
4,66,12.513853434847887,1.80285502486758,0,1,1
4,67,1.6373584501453722,30.877001904302826,0,5,5
4,68,41.30052867358075,87.48458602755066,0,14,14
4,69,14.508581189437333,39.16032272673411,0,5,5
4,70,61.715209451745345,99.3521724118112,0,15,15
4,71,34.47953294714445,58.42211689230538,0,10,10
4,72,21.77042617746151,41.04358335421894,0,5,5
4,73,0.41394316334165066,89.72395718215454,0,13,13
4,74,44.26991606872856,61.653034077781314,0,10,10
4,75,33.3988158762044,30.906633422631423,0,6,6
4,76,77.10788837763528,21.771994309384283,0,4,4
4,77,94.72874286119504,50.99091176489403,0,12,12
4,78,85.17939159255451,33.240672050822674,0,8,8
4,79,70.75942270233543,39.01922428353616,0,7,7
4,80,54.193183278420136,15.124127371106226,0,3,3
5,1,19.221339238288085,69.82329002535056,0,9,9
5,2,3.0417020154501437,89.18153842922396,0,13,13
5,3,3.99229049908768,76.20800964801609,0,13,13
5,4,24.448558229548134,84.64852687964941,1,13,13
5,5,2.0422795920082066,35.90334104814203,0,5,5
5,6,32.49149701855653,72.36569578108036,0,10,10
5,7,83.20988242842088,42.68548321230942,0,8,8
5,8,63.817260405183184,13.991483335201206,0,3,3
5,9,3.0385851303991123,2.302168204869388,0,1,1
5,10,28.406155737865568,26.82511160398003,0,6,6
5,11,62.71579948275264,4.500444056769631,0,3,3
5,12,49.30828660048884,59.37733906344242,0,10,10
5,13,13.515052294574414,84.53146208908869,0,13,13
5,14,73.91090647321947,14.817097030299287,0,3,3
5,15,73.50844640256946,35.45414783266735,0,7,8
5,16,2.7764640920316013,78.50267451420991,0,13,13
5,17,10.594242931487646,73.86200562318692,0,9,9
5,18,72.58593825977368,8.567995965935056,0,3,3
5,19,12.707995743864455,10.505025125968924,0,1,1
5,20,87.01053806380463,53.9635669274866,0,12,12
5,21,67.07962626939185,61.60119341828583,0,11,11
5,22,23.83663082756283,0.5389047969713932,0,1,1
5,23,3.801886086097952,12.937933883649574,0,1,1
5,24,95.62749930373644,75.37490080681758,0,16,16
5,25,91.32637535674341,81.3594213565455,0,16,16
5,26,49.40913672699965,82.71401849774236,0,14,14
5,27,83.52091759070309,32.19687094651784,0,8,8
5,28,24.09176783636661,81.3106063747859,0,13,13
5,29,65.14716622653394,59.1945738811157,0,11,11
5,30,10.778273923106806,54.938576236747274,0,9,9
5,31,12.238597072550471,47.269568606590425,0,5,5
5,32,10.823219409618131,81.51786596211466,0,13,13
5,33,17.984368811644146,19.455136942483946,0,1,1
5,34,20.834608820136687,70.0314428336724,0,9,9
5,35,47.223271104145105,56.234239502204396,0,10,10
5,36,45.03903287354335,30.349381643838097,0,6,6
5,37,82.36151330565549,56.51024612493804,0,12,12
5,38,33.09661524567709,64.43297052606731,0,10,10
5,39,97.35687016306524,11.431527170680098,0,4,4
5,40,74.01112897074529,93.06325462533077,0,15,15
5,41,70.77386144879719,95.46278427174308,0,15,15
5,42,35.771054555415795,61.68651750555236,0,10,10
5,43,27.625615069731538,65.52655474455165,0,10,10
5,44,98.69696192317116,73.87351360706623,0,12,12
5,45,19.588719875866907,84.59878253425167,0,13,13
5,46,39.566942503757275,80.93100004993485,0,14,14
5,47,28.353697168209077,50.78128296936766,0,10,10
5,48,20.504075726909576,79.4936738719252,0,13,13
5,49,92.83675964453847,7.388719099692848,0,4,4
5,50,18.316332489262475,1.0072960322931184,0,1,1
5,51,20.176996658299245,68.89383774335461,0,9,9
5,52,78.11387919841637,20.977828630861413,0,4,4
5,53,64.77083456154335,3.3584381859287875,0,3,3
5,54,95.03131031388685,16.745980905971035,0,4,4
5,55,31.930852829022086,86.81811471165669,0,14,14
5,56,75.41473508158737,3.0927093414541607,1,4,3
5,57,32.13426629098313,12.585789985541608,0,2,2
5,58,6.003798094266082,19.255750120349873,0,1,1
5,59,91.41827047565565,43.39916874403622,0,8,8
5,60,23.08394706494232,99.45149073075657,0,13,13
5,61,66.4079708393664,65.96238526694587,0,11,11
5,62,27.56982330374409,20.546069496784828,0,2,2
5,63,88.12875252396195,64.51936207373859,0,12,12
5,64,85.9936385514011,43.888295225817366,0,8,8
5,65,74.95289323218562,71.28986982057108,0,11,12
5,66,12.927969434987464,2.622929309744284,0,1,1
5,67,2.9410736708305034,31.261358098762727,0,5,5
5,68,42.48330212895781,86.53606924454262,0,14,14
5,69,13.986851206744474,38.89126897244,0,5,5
5,70,61.91044782536458,97.83943992491994,0,15,15
5,71,35.53539748240953,58.80804082210523,0,10,10
5,72,22.600689760956154,42.30451940118385,0,5,5
5,73,0.33235555395076866,89.75624905683699,0,13,13
5,74,44.5834004333319,61.30678599013551,1,10,10
5,75,34.370385546516374,31.88855661790699,0,6,6
5,76,77.40250633684073,21.186013001540868,0,4,4
5,77,93.40837408529627,51.438049511135304,1,12,12
5,78,84.80847629563937,34.09653704476893,0,8,8
5,79,71.01937447612211,38.22266243106322,0,7,7
5,80,53.23281467183281,14.226754442116336,0,3,3
6,1,19.52937581682629,70.26650654341768,0,9,9
6,2,4.1869305086095245,87.78515538075712,0,13,13
6,3,5.474560267240933,76.59802597135605,0,13,13
6,4,24.927027220211396,85.1381725271676,0,13,13
6,5,2.073155491309385,36.15440198013682,0,5,5
6,6,33.1777583402304,72.53804206647338,1,10,10
6,7,83.65362741826802,41.995875472237415,0,8,8
6,8,63.77314801643323,12.93075738896458,0,3,3
6,9,3.069666700297871,3.1815204365253966,0,1,1
6,10,29.103993742743867,26.409248124483298,0,6,6
6,11,62.92134887365034,4.977017825212358,1,3,3
6,12,49.016137848880355,60.31331234712742,0,10,10
6,13,13.698797122210731,83.7353458616003,0,13,13
6,14,73.26198363202545,13.858561370507212,0,3,3
6,15,73.41723049764245,34.57902499076223,0,7,7
6,16,2.8977970447867243,79.17647948540916,0,13,13
6,17,10.890133144793044,74.51870266256176,0,9,9
6,18,73.28201115702514,7.955385629871931,0,3,3
6,19,12.221987249038293,9.556302920566193,0,1,1
6,20,86.86816233095362,54.67776404626471,0,12,12
6,21,68.37565912501323,62.58958763606945,0,11,11
6,22,24.0073932336952,2.4062086052842404,0,1,1
6,23,5.184108533585653,14.155570228868802,0,1,1
6,24,96.7329629697126,76.07528340212086,0,16,16
6,25,92.17523996981407,81.37793551749591,0,16,16
6,26,49.47128505478222,81.00255192545548,0,14,14
6,27,84.8109146342484,31.461049544768855,0,8,8
6,28,24.454835401489692,79.59413937506399,0,13,13
6,29,66.31585836696141,57.91425366067751,0,11,11
6,30,11.340446310438304,53.28914413867465,0,9,9
6,31,11.627198026927225,46.46130392087957,0,5,5
6,32,11.419186518381526,79.95960247578482,0,13,13
6,33,19.426439238018766,19.075817307397255,1,1,1
6,34,22.014825590866508,68.97883984338979,0,9,9
6,35,46.55214573346056,56.16411185690487,0,10,10
6,36,44.635384034563344,31.136907920821592,0,6,6
6,37,81.61359951503177,56.75123057581372,0,12,12
6,38,34.32953494293404,64.8300535152604,0,10,10
6,39,98.46305253138556,11.676986973589582,0,4,4
6,40,74.85591064829399,93.64596435671801,0,15,15
6,41,71.32956777352591,94.13705166314108,0,15,15
6,42,34.750854527575775,61.3959753353756,0,10,10
6,43,27.697474627119547,65.8163352308643,0,10,10
6,44,98.86498672132083,73.96481161931193,0,12,12
6,45,19.385459845434816,84.87615999008038,0,13,13
6,46,38.88127459440988,80.10388528471391,0,14,14
6,47,27.361067151923066,50.35412393062503,0,10,10
6,48,20.87345943409732,80.34126924132363,0,13,13
6,49,92.23571530545523,6.648428226299133,1,4,4
6,50,19.175095783011532,1.6609369198678272,0,1,1
6,51,20.215865128099068,68.80021234597892,0,9,9
6,52,79.45985521731106,21.136422334283072,0,4,4
6,53,64.43127679961115,2.7313692535135554,0,3,3
6,54,94.66212093620828,16.516204727730447,0,4,4
6,55,31.901871674631213,86.68199698136479,0,14,14
6,56,76.13664534750289,4.361239965401079,0,4,4
6,57,32.68259809567505,12.489889849001312,0,2,2
6,58,5.459486579045278,20.33241722113025,0,1,1
6,59,90.71063690651803,43.174640513578666,0,8,8
6,60,22.2266180214752,99.83411645958199,0,13,13
6,61,67.23449681425501,66.27629583898003,0,11,11
6,62,26.81786645066295,20.89913143873791,0,2,2
6,63,87.45551024378986,66.0329386616123,0,12,12
6,64,84.84287065833341,44.60651001605972,0,8,8
6,65,74.58725635276446,72.89434809373722,0,11,11
6,66,14.328247703891304,2.6680180053045217,0,1,1
6,67,4.01487342884641,30.23278571489641,0,5,5
6,68,42.961193925267494,86.97382028402868,0,14,14
6,69,13.679284883278253,38.074312074743965,1,5,5
6,70,62.75055030407076,96.53086958299104,0,15,15
6,71,34.79062181570158,58.95013249115205,0,10,10
6,72,23.45336973531148,43.60967146389689,0,5,5
6,73,0.30952066843710496,89.7097190199569,0,13,13
6,74,43.72020535034286,62.126420669564546,0,10,10
6,75,35.392523132901744,32.900242285360854,0,6,6
6,76,75.88889993589102,20.797552078374874,0,4,4
6,77,93.13342477312338,52.237993042606135,0,12,12
6,78,84.59334317348274,34.90810423600912,0,8,8
6,79,69.692286382343,38.63333446882582,0,7,7
6,80,52.22475724350428,13.376175338664716,0,3,3
7,1,20.167323837807146,68.9145330370533,0,9,9
7,2,5.87494791600844,86.76906283475824,0,13,13
7,3,5.387920636724738,75.92168253233204,1,13,13
7,4,26.090047386436254,85.66529649719274,0,14,13
7,5,2.4540493476994687,34.94860454408649,0,5,5
7,6,33.478252861712754,71.63768558116581,0,10,10
7,7,83.77025264912919,40.98773547677963,0,8,8
7,8,64.41783428621035,13.041017837075708,0,3,3
7,9,1.9605386899380897,3.476042823686865,0,1,1
7,10,29.327059529874052,25.440706102832202,0,6,6
7,11,61.19517619603767,5.022460166546039,1,3,3
7,12,49.07803429228539,59.44854442748488,0,10,10
7,13,13.603460075430396,84.65420733307431,0,13,13
7,14,72.82443628680491,14.855238289151712,0,3,3
7,15,73.74882800452211,34.828426379253585,0,7,7
7,16,2.22433759775048,78.21426550207903,0,13,13
7,17,11.902316666054,74.59171485470246,0,9,9
7,18,73.9867483244056,8.45561056559083,0,3,3
7,19,13.052175898229905,10.088487897527605,0,1,1
7,20,87.39505100223835,53.82373622021159,0,12,12
7,21,69.47454561741601,62.926407640823754,0,11,11
7,22,25.412076227359524,3.3247911023193235,0,2,1
7,23,4.6898596677430255,14.68258026001204,0,1,1
7,24,96.96318688661627,75.82169996021634,0,16,16
7,25,91.28951036412559,82.17132307235501,0,16,16
7,26,50.788824653175524,80.37366710656292,0,15,14
7,27,85.03017996028775,31.692236544495664,1,8,8
7,28,23.96430237007813,78.36220302453656,0,13,13
7,29,67.4823697392015,57.6880887985451,0,11,11
7,30,11.97418781201882,51.655584134212205,1,9,9
7,31,10.994568986580395,45.96601792577928,1,5,5
7,32,11.324697926852634,80.27415205307958,0,13,13
7,33,19.637316612336253,17.67395914318245,0,1,1
7,34,21.875506242716288,69.27753641241462,0,9,9
7,35,45.73492676683392,55.58307827375757,1,10,10
7,36,45.23145819839612,30.252712929001245,0,6,6
7,37,81.70780332557796,57.836486197536715,0,12,12
7,38,34.99037333580896,65.72981015612737,0,10,10
7,39,98.75310158924424,10.823046355515778,0,4,4
7,40,74.59293800580521,92.57309133553764,0,15,15
7,41,70.40952541304111,94.12511910078804,0,15,15
7,42,34.317538608369496,59.75987281306009,0,10,10
7,43,26.608119331948263,64.95723640413175,0,10,10
7,44,99.249191244258,72.62016925176565,1,12,12
7,45,18.35652964291098,84.58496283790336,0,13,13
7,46,39.83314849430011,80.11829228105151,0,14,14
7,47,28.123778334562612,50.86673459590507,0,10,10
7,48,19.916481740683533,79.9843178158654,0,13,13
7,49,92.20436816169008,7.783815798752996,0,4,4
7,50,20.044027831064405,1.5605659937492062,0,1,1
7,51,21.513068024138228,67.33812941534748,0,9,9
7,52,80.58274070435203,21.47870624900844,0,4,4
7,53,65.32187228134994,3.2300809296283663,0,3,3
7,54,96.18420412971143,16.349325649877063,0,4,4
7,55,31.602498188396915,85.93706194576407,0,14,14
7,56,76.78362186792836,5.712735923644438,0,4,4
7,57,32.73393594391184,12.235038077915744,0,2,2
7,58,6.5383433615955795,20.255497597537797,1,1,1
7,59,89.65944233372583,43.61666137844797,0,8,8
7,60,21.376994886735122,99.63195319609372,0,13,13
7,61,67.65404631179973,66.07885597994661,0,11,11
7,62,27.77837566408136,21.457473163752613,0,2,2
7,63,87.96353436127949,65.94150419849625,0,12,12
7,64,83.80320908184903,45.79646858538043,0,8,8
7,65,74.8796020836557,74.4424769076833,0,11,11
7,66,14.125099946932394,1.7121630659552385,0,1,1
7,67,3.960905231043312,30.850520041887275,0,5,5
7,68,42.45062525034994,87.04325732368811,0,14,14
7,69,13.4299523918005,38.55249751268543,0,5,5
7,70,62.21993379038079,95.3794625518875,0,15,15
7,71,35.53326545653964,60.29751557087182,0,10,10
7,72,23.10140503535175,45.10373846454522,0,5,5
7,73,0.09164072736443174,89.32960236768541,0,13,13
7,74,42.96032134920802,63.31620623225293,0,10,10
7,75,34.65686026235833,32.88749468811491,0,6,6
7,76,74.59941536477064,21.408060880442488,0,3,4
7,77,92.63438250932025,51.07347079165829,0,12,12
7,78,84.19748648631685,33.793343966823265,0,8,8
7,79,69.76772327348971,39.257384815984594,0,7,7
7,80,50.68497001446746,13.476695126866195,0,3,3
8,1,20.132316621122005,68.95383149378254,0,9,9
8,2,7.458100807010427,85.63138134192026,0,13,13
8,3,6.714653871947043,74.62698023868766,0,9,13
8,4,26.968071905938164,86.23096423665665,0,14,14
8,5,2.5487551914480018,33.97008380043826,0,5,5
8,6,34.171068175863105,71.38486678279044,0,10,10
8,7,82.91431297123935,41.72554536422902,0,8,8
8,8,65.06613956747194,12.749484097833939,0,3,3
8,9,1.4052121009885803,4.309032291375562,0,1,1
8,10,29.75077590240416,24.615340189306924,0,2,6
8,11,59.73958773483428,5.532003028920238,1,3,3
8,12,47.68852280712653,58.94627160535901,1,10,10
8,13,13.913533604023357,85.28875207583529,0,13,13
8,14,73.04308935645989,15.268910768282025,0,3,3
8,15,72.42992708128051,35.51779165108417,0,7,7
8,16,1.3980837961065569,77.50806618274876,0,13,13
8,17,11.201303033722468,73.66540054362329,0,9,9
8,18,74.80975084329206,8.688476822334662,0,3,3
8,19,13.136346429039,8.972810187544502,0,1,1
8,20,86.15570391039671,53.256984383179216,0,12,12
8,21,68.80408993963843,64.08784090464466,0,11,11
8,22,24.824446597158953,4.326023054069506,0,1,2
8,23,6.135050788797038,15.59025336245364,0,1,1
8,24,98.04356798972591,76.78432002578889,0,16,16
8,25,91.63610887281708,83.82384605941637,0,16,16
8,26,50.971115420254144,80.61469129673446,0,15,15
8,27,85.34404141200734,29.9274032333675,1,8,8
8,28,24.0159208476815,76.69970675817322,0,13,13
8,29,68.39518483709215,57.73350999747652,0,11,11
8,30,11.385255436735994,51.13123674727161,1,9,9
8,31,11.744970055658492,44.47158825955738,0,5,5
8,32,10.818147559300055,80.24977764892473,0,13,13
8,33,19.972560119706745,18.223090940728934,0,1,1
8,34,22.60716287124948,69.56502260413696,0,9,9
8,35,46.238572590586465,55.9308472066499,0,10,10
8,36,46.512021888074905,30.392441077752533,0,6,6
8,37,81.06575629574938,57.48463074879211,0,12,12
8,38,34.83338473577944,66.55121553468028,0,10,10
8,39,98.13951082582237,10.268817014567755,0,4,4
8,40,74.50998567256454,91.41854189059734,0,15,15
8,41,69.49456530405618,94.115341481738,0,15,15
8,42,35.148619605019704,58.71247141865531,0,10,10
8,43,27.439056346638647,64.61375260556171,0,10,10
8,44,97.94801787819462,72.32332127624295,0,12,12
8,45,17.243236055435418,83.72558195974676,0,13,13
8,46,39.147683453265344,80.82383987486267,0,14,14
8,47,28.93515134827341,50.369929641691186,0,10,10
8,48,19.92568454912139,78.90121928906574,0,13,13
8,49,93.03343331650741,7.647387975085813,0,4,4
8,50,19.83820041675083,0.834272219898352,0,1,1
8,51,22.84490570103798,67.695728543204,0,9,9
8,52,81.80147085099631,21.75024650108184,0,4,4
8,53,65.89444194104156,1.7625131340626559,0,3,3
8,54,96.90770837320707,16.817538932033877,0,4,4
8,55,33.04927488888187,84.45226690200846,0,14,14
8,56,76.22657150614775,5.9943970264104935,0,4,4
8,57,33.41495040612049,11.019781509239928,0,2,2
8,58,6.805234999480278,18.583970266729466,1,1,1
8,59,90.14860906101492,42.067600515804095,0,8,8
8,60,22.518566405638584,98.8296920730637,0,13,13
8,61,66.85616243802258,65.9871921887651,0,11,11
8,62,27.043241864920805,23.028802897960748,0,2,2
8,63,88.34589259565834,65.76331989800602,0,12,12
8,64,82.89228397297562,45.880539140069246,0,8,8
8,65,75.71656970575157,75.38314174312349,0,16,11
8,66,14.80386138782712,2.5004833301794287,0,1,1
8,67,5.296037886601763,30.09293351625142,0,5,5
8,68,42.571724786825435,85.51208303390777,0,14,14
8,69,14.291705194217911,39.276606232589955,0,5,5
8,70,63.40954848039504,95.171331177458,0,15,15
8,71,36.20492401836558,61.745509060390674,0,10,10
8,72,22.652263447500353,46.49522328558153,1,5,5
8,73,1.2870586661048444,90.03913469122236,0,13,13
8,74,43.549307057807496,63.048954212109315,0,10,10
8,75,34.92514305682675,32.52164488288858,0,6,6
8,76,74.99882040845547,21.06603654718276,0,3,3
8,77,92.9334569971,51.4669958735403,1,12,12
8,78,84.37166637200905,34.35413807255859,0,8,8
8,79,68.32012436010994,38.70838191732903,0,7,7
8,80,49.245507561944144,13.96087879307461,0,2,3
9,1,21.03766633763721,67.57579672423675,0,9,9
9,2,7.817537625506562,86.0551383778516,0,13,13
9,3,6.607865417900893,74.41093679134063,0,9,9
9,4,28.65441552119361,86.38070651240322,0,14,14
9,5,2.658111157854444,34.318607206803996,0,5,5
9,6,33.88920353856236,72.29325666334388,0,10,10
9,7,81.8114958176014,42.28443076859309,0,8,8
9,8,65.41998317870849,11.919750114648206,0,3,3
9,9,1.8192085810451781,3.41508322450138,0,1,1
9,10,30.47953905034339,24.338780671990598,0,2,2
9,11,58.92555206165986,6.440688859569813,1,3,3
9,12,47.82629738240848,58.13825144235506,0,10,10
9,13,12.644500399341386,84.70442231185916,0,13,13
9,14,73.27968094273592,14.997710851087648,0,3,3
9,15,72.03483276959112,36.46120875570385,0,7,7
9,16,1.0859937614936874,78.09773874711277,1,13,13
9,17,11.544537692028268,72.37593982487417,0,9,9
9,18,74.32644832924345,7.703867242007928,0,3,3
9,19,14.002117016129134,8.258010357883068,0,1,1
9,20,86.41412510931255,53.82221856706214,0,12,12
9,21,70.0838052775085,64.88588730131386,0,11,11
9,22,26.098731276883846,5.717685373651212,0,2,1
9,23,7.480158934980586,16.89290384439989,0,1,1
9,24,97.1498381204722,77.52324989670828,0,16,16
9,25,92.74595658139336,84.50360137849913,0,16,16
9,26,51.34229970435791,80.86384081518972,0,15,15
9,27,84.70664464641291,28.8266709325694,0,8,8
9,28,25.214235652575177,75.43081713019025,0,14,13
9,29,68.97348961191216,56.014553130865316,0,11,11
9,30,12.162419677792279,51.395332512469864,0,9,9
9,31,12.971932628282651,43.39421385147221,0,5,5
9,32,10.177842568366227,79.95070091166637,0,13,13
9,33,19.843137906020573,18.58842582343783,0,1,1
9,34,22.228896052979394,68.2121312219333,0,9,9
9,35,46.437545212739245,56.33097164332881,0,10,10
9,36,47.77608215656908,30.276651786609406,0,6,6
9,37,81.784434604119,58.46346342367406,0,12,12
9,38,36.06821744046107,66.93853489304604,0,10,10
9,39,97.26378520856066,10.291550472196217,0,4,4
9,40,75.56036696089464,91.81127222607368,0,16,15
9,41,68.2217451638283,93.28653088637456,0,15,15
9,42,35.98434569595376,57.67855252489338,0,10,10
9,43,26.532804873658534,64.51757805743186,1,10,10
9,44,96.56697631893194,71.77122576395665,0,12,12
9,45,16.211615697164778,82.59568874445644,0,13,13
9,46,39.97990811546042,81.2452545286107,0,14,14
9,47,29.685118445162143,49.7795832398492,0,6,10
9,48,20.202532915827103,79.78012866148913,0,13,13
9,49,93.82296161387082,8.175344572873911,0,4,4
9,50,18.93889125949773,0.5665352614959702,1,1,1
9,51,24.685372674559517,66.80664761417357,1,9,9
9,52,82.06565140779792,22.182527982885837,0,4,4
9,53,66.53451336642952,2.2915235620854535,0,3,3
9,54,98.22173319722228,16.97708686055835,1,4,4
9,55,34.701855435326536,83.81662432137938,0,14,14
9,56,75.59471899231964,4.574661295772798,0,4,4
9,57,34.299058391074986,10.746192236863932,0,2,2
9,58,6.961580127452066,18.89133581001123,0,1,1
9,59,90.63633547247801,40.52111220246676,0,8,8
9,60,23.163456613699445,97.14539571919352,0,13,13
9,61,66.84649679455632,65.64190940899618,0,11,11
9,62,27.014331495704322,22.98224952179344,0,2,2
9,63,89.10194916676694,66.88878148839339,1,12,12
9,64,82.84837555487553,45.623836438343716,0,8,8
9,65,74.6749556867733,76.38921740930707,0,15,16
9,66,15.264156444195327,1.3217522347800643,0,1,1
9,67,4.817748271663994,30.078726712139648,0,5,5
9,68,41.85538629459809,85.02656788233027,1,14,14
9,69,15.697300662551005,38.70295886602232,0,5,5
9,70,62.758445278336474,95.11490984752649,0,15,15
9,71,35.585923936452495,62.980114002658404,0,10,10
9,72,22.896917851429983,46.09367112813214,0,5,5
9,73,1.6126092192501884,91.47283638572831,0,13,13
9,74,44.31477169570066,62.908814163324955,0,10,10
9,75,34.169443351338465,33.65015859420777,0,6,6
9,76,73.93960865043005,20.126435257462106,0,3,3
9,77,92.12214946546194,52.25866002336876,0,12,12
9,78,82.86817215565236,33.923160193632725,1,8,8
9,79,66.82678296186889,38.72626244344112,0,7,7
9,80,47.713706356599744,14.06514337591248,0,2,2
10,1,22.30727247349427,68.11240621791156,0,9,9
10,2,9.684730222639978,85.75795941234693,0,13,13
10,3,7.033074352608651,74.89834475457927,0,9,9
10,4,29.184151363699645,85.00951150711946,0,14,14
10,5,4.3964701808483575,34.453940405352995,0,5,5
10,6,32.94654413159731,72.96148977051993,0,10,10
10,7,82.31016817591184,42.566419909694574,0,8,8
10,8,65.86678256612784,12.435562680572168,0,3,3
10,9,2.546424050900507,2.923831824676385,0,1,1
10,10,30.94052228063959,23.554437338953644,0,2,2
10,11,58.32258872349697,7.393856873301858,0,3,3
10,12,46.950006299135296,59.025118664600846,0,10,10
10,13,11.838249491543676,83.75542583362953,0,13,13
10,14,72.95864854072839,15.957698902207985,0,3,3
10,15,72.32576881442931,36.829532068513174,0,7,7
10,16,0.1874073084243976,77.87571765100054,0,13,13
10,17,10.815949810600145,71.4963672044262,0,9,9
10,18,74.71435178664431,8.506440683847943,1,3,3
10,19,14.827760502522388,7.4979068835263085,0,1,1
10,20,86.89430296942395,54.189044415368244,0,12,12
10,21,69.89820254446897,64.93123171344465,0,11,11
10,22,27.40872168139244,6.192185910274946,0,2,2
10,23,7.78420877795861,16.769620683258744,1,1,1
10,24,97.45328489411136,77.28660752260338,0,16,16
10,25,93.84019200588776,85.36215608089438,0,16,16
10,26,52.42646982494136,80.75831821305512,0,15,15
10,27,84.24402141460575,27.44257972128836,0,8,8
10,28,26.538948347121426,74.4323121570613,0,10,14
10,29,70.2772381824594,55.3747220935227,0,11,11
10,30,13.118418070746179,51.56197793869887,1,9,9
10,31,12.625120836110561,43.52495247161913,0,5,5
10,32,9.626830359042836,79.85172040422052,0,13,13
10,33,20.032769931078636,17.181089241770668,0,1,1
10,34,23.404776965844523,68.05625687785377,0,9,9
10,35,46.970275634346685,56.66842061041501,0,10,10
10,36,49.02512154451701,30.1035378872557,0,6,6
10,37,82.37614194796369,59.49689879731283,0,12,12
10,38,37.03082062267277,66.11259468607689,0,10,10
10,39,98.30831321239542,10.791621416321842,0,4,4
10,40,76.66483704260365,92.11325044751251,0,16,16
10,41,67.00844115580891,92.83997962991506,0,15,15
10,42,35.61672777196578,57.94700832178231,0,10,10
10,43,27.412759995812593,63.65644731127613,0,10,10
10,44,96.21564737996168,70.04058238889354,0,12,12
10,45,15.28213938670327,82.46971515523896,0,13,13
10,46,40.90873753001257,81.40978345818947,0,14,14
10,47,29.569241175656263,48.75174559294074,0,6,6
10,48,20.906279529267906,80.41045229308862,0,13,13
10,49,94.01482085038937,7.370528945738603,0,4,4
10,50,17.965057615537976,1.222394872016969,0,1,1
10,51,26.559447320568427,66.5001549957361,1,10,9
10,52,83.35324956278707,20.949994288811983,0,4,4
10,53,67.86776979077881,1.0937031791154428,0,3,3
10,54,97.90978176787846,16.013428205743818,0,4,4
10,55,34.434000347279564,82.66984464680567,0,14,14
10,56,74.6008178259548,3.5967449841721844,0,3,4
10,57,33.78119358176981,9.334205755549524,0,2,2
10,58,8.101925587425145,18.767236687946895,0,1,1
10,59,90.41605087957956,40.79728901229793,0,8,8
10,60,22.30717789807231,96.36139486473489,0,13,13
10,61,66.13081816497927,65.48514766744604,0,11,11
10,62,27.05449540455576,22.93266047951137,0,2,2
10,63,89.7817075052683,66.99166317049334,0,12,12
10,64,82.54982965018866,45.37576455099014,0,8,8
10,65,73.97781120172064,77.8304374744668,0,15,15
10,66,15.468899525638983,0.16728749399394588,0,1,1
10,67,6.28651192214379,29.628442930347124,0,5,5
10,68,42.91141436789781,85.11132172724805,0,14,14
10,69,16.650073028484194,39.3847611149148,0,5,5
10,70,62.26413796543029,93.92233783650879,0,15,15
10,71,36.672172392310436,63.2395384585067,0,10,10
10,72,23.24074192092786,47.66816939384768,0,5,5
10,73,0.8475955226135747,91.98635818759665,0,13,13
10,74,44.339961378438886,64.52001746480803,0,10,10
10,75,33.80239988002591,35.14884603814194,0,6,6
10,76,74.3353674112393,20.332953686237367,0,3,3
10,77,91.2375451559613,51.15773059848281,0,12,12
10,78,81.6035619430452,33.095548972327585,1,8,8
10,79,66.06833235351397,39.505625135891535,0,7,7
10,80,47.309930240808754,15.083166389577595,0,2,2
11,1,23.09029725011064,68.72447146090555,0,9,9
11,2,9.589933807321927,85.08790817156455,0,13,13
11,3,6.91221913513442,74.41132106168773,0,9,9
11,4,29.575685015869325,83.70485672568282,0,14,14
11,5,4.942671247205049,33.17868314730382,0,5,5
11,6,32.4112454101042,71.90366775206118,0,10,10
11,7,81.27259830218226,43.1837972310221,0,8,8
11,8,65.01341364042956,11.47574051203815,0,3,3
11,9,3.1645328625581737,2.2442184830699845,0,1,1
11,10,31.681955616770377,23.440569408443338,0,2,2
11,11,58.607212454364955,6.9785751878313125,0,3,3
11,12,47.13275087735243,59.70814131161155,0,10,10
11,13,10.61925510638276,84.36900573555303,0,13,13
11,14,71.78003227421398,16.86644120284194,0,3,3
11,15,72.67934263608291,36.97626571107536,0,7,7
11,16,0.4677365115323526,78.21261128244285,0,13,13
11,17,10.743225911818335,72.16163139179534,0,9,9
11,18,74.10503917055213,9.33941608682486,0,3,3
11,19,15.463245927433992,8.207627491786575,0,1,1
11,20,87.35558038583551,54.57431675220221,0,12,12
11,21,69.20735068048515,65.79760739586882,0,11,11
11,22,26.85570408088201,6.802296538449099,0,2,2
11,23,9.20773797801846,17.440395000880617,0,1,1
11,24,96.92541976851255,78.79855397080941,0,16,16
11,25,93.0380863690727,85.63551547482557,0,16,16
11,26,52.676463351406056,81.00436185171229,0,15,15
11,27,84.87259537336064,25.739329383469162,1,8,8
11,28,26.816251620603925,72.72323288159639,0,10,10
11,29,69.69912782094825,54.169338893101674,0,11,11
11,30,13.906799428805801,49.97721051010976,0,5,9
11,31,12.310430955491512,43.68665291534555,0,5,5
11,32,10.005300107951534,78.2558386162268,0,13,13
11,33,21.24554367168289,17.367024100808926,0,1,1
11,34,24.12876109826575,66.55208697112836,0,9,9
11,35,46.18755275574621,56.30677191309525,0,10,10
11,36,50.301441853923386,30.23175831702023,0,7,6
11,37,83.45573024352272,60.15438022431263,0,12,12
11,38,37.55979835480952,67.04309907626958,0,10,10
11,39,98.32395004564587,11.91714068438482,0,4,4
11,40,76.03211788807964,91.44456497114548,0,16,16
11,41,66.47694024326414,91.09443003894762,0,15,15
11,42,36.5037656834164,57.15154219053602,0,10,10
11,43,27.734947745603595,63.859067550443925,0,10,10
11,44,94.83629422026628,69.11557245099515,0,12,12
11,45,14.307410496341802,81.23834522906346,0,13,13
11,46,41.79629186898801,80.99960937814096,0,14,14
11,47,29.2738487396485,49.69619713193636,0,6,6
11,48,21.76540556771863,79.81787723636768,0,13,13
11,49,94.83918806390274,7.218732971672387,0,4,4
11,50,18.54200807259399,0.7140417504119935,0,1,1
11,51,27.99751389456369,66.81378794853215,0,10,10
11,52,82.97027925982094,20.23800355497536,0,4,4
11,53,68.95529497454648,0.2748870107225573,0,3,3
11,54,97.52704836284408,15.246672260187207,0,4,4
11,55,34.418529682028144,82.53186179279693,0,14,14
11,56,74.71981702118133,2.0315128005339025,0,3,3
11,57,33.968308733660955,7.860276167215276,0,2,2
11,58,7.474669166527116,18.420870649370805,0,1,1
11,59,90.08556060917795,41.04555100186061,0,8,8
11,60,23.43666749476209,95.39079048066108,0,13,13
11,61,65.04668397961974,65.85490693709846,0,11,11
11,62,26.547213569374247,23.05593502609664,1,2,2
11,63,88.90153537756466,68.33669857648265,0,12,12
11,64,81.98941117805136,45.20748004371757,0,8,8
11,65,74.83522937410973,78.22261417857334,0,15,15
11,66,15.78438964675208,0.9814812301679836,0,1,1
11,67,5.859474811935312,29.04178358676088,0,5,5
11,68,44.134105443104154,84.88944988355263,0,14,14
11,69,16.926612471877394,40.16210636394545,0,5,5
11,70,62.31023379996109,94.38792984964128,0,15,15
11,71,36.312076935092726,62.97440813216575,0,10,10
11,72,22.801936174611487,49.06429497985978,0,5,5
11,73,0.7925834809424964,91.46949294982865,1,13,13
11,74,43.98338986199807,66.01277541264703,0,10,10
11,75,33.22543971640548,36.49287169458146,0,6,6
11,76,74.48514790413644,20.95765801861897,0,3,3
11,77,91.06674557286185,51.92397250021677,0,12,12
11,78,81.24504140668776,33.94640624273533,0,8,8
11,79,66.19319373558291,40.08828063427243,0,7,7
11,80,46.94647122657328,14.152565529333568,0,2,2
12,1,22.983264079459406,68.53874850591579,0,9,9
12,2,9.8045260052844,85.403821138625,0,13,13
12,3,8.784049142590302,73.91782277212945,0,9,9
12,4,29.81172328266103,84.04024900884589,0,14,14
12,5,6.607030053995555,33.4355221180425,0,5,5
12,6,32.71797448030805,72.61138594305487,0,10,10
12,7,81.48568646380441,42.240817001947114,0,8,8
12,8,64.92558343205393,12.339066427494394,0,3,3
12,9,3.78440470464853,2.7299864414077346,0,1,1
12,10,30.993977782674662,22.451893884673012,0,2,2
12,11,58.371329567231314,6.229321662006996,1,3,3
12,12,46.699938760984345,58.669273102348996,0,10,10
12,13,10.928888825411331,83.69374302062006,0,13,13
12,14,70.37074205115971,16.18880928415361,0,3,3
12,15,71.102812242448,37.25788530528237,0,7,7
12,16,0.15163824457259004,77.08097839028856,0,13,13
12,17,10.168732201694523,71.31164977544957,0,9,9
12,18,74.23223807601609,10.28699062633708,0,3,3
12,19,16.4825270093142,8.720816550946592,1,1,1
12,20,87.79245944418214,55.12381877697502,0,12,12
12,21,70.15319344854103,65.95738860691003,0,11,11
12,22,28.1470145764256,7.240416667383503,0,2,2
12,23,10.52159471266316,17.821034259422873,0,1,1
12,24,96.0464516532215,79.36966988279634,0,16,16
12,25,92.20566069576479,85.9846828915882,0,16,16
12,26,52.09762968738163,79.81910629958405,0,15,15
12,27,84.49986011754001,24.28058634243307,0,4,8
12,28,27.354863237726025,71.0258073817232,0,10,10
12,29,69.72483370717296,52.45992443834155,0,11,11
12,30,14.93214511625991,50.092097518670165,0,9,5
12,31,11.932892825409484,42.45317638315449,0,5,5
12,32,9.343029341618577,77.85332416598337,0,13,13
12,33,20.92332127319686,16.285448453744387,0,1,1
12,34,24.86207576662089,65.05293703911357,0,9,9
12,35,45.56005290792638,56.27699409213278,0,10,10
12,36,49.8562289660061,29.614023983780488,0,6,7
12,37,84.50344314415034,59.66298102873196,0,12,12
12,38,38.68317072971506,67.60669547852605,0,10,10
12,39,97.73684148975708,11.338633275943927,0,4,4
12,40,76.28972916454939,92.21806938414741,0,16,16
12,41,66.97131877910698,89.67231411616837,0,15,15
12,42,36.16398415136549,57.423044392448865,0,10,10
12,43,28.07034132560472,64.0507872319036,0,10,10
12,44,95.35449466536645,68.7808521200728,0,12,12
12,45,13.8233513035878,79.5968758679316,0,13,13
12,46,41.471929203885495,81.90151834411512,0,14,14
12,47,30.18806550022181,49.57155458132534,0,6,6
12,48,21.028004732448462,80.40807048532682,0,13,13
12,49,95.31212658898001,6.565051590244124,0,4,4
12,50,18.406815369818588,1.9777864601259327,0,1,1
12,51,28.06948798008543,68.13360283600589,1,10,10
12,52,82.630670977983,21.369713972802128,0,4,4
12,53,68.92880214610832,0.3615488042780344,0,3,3
12,54,98.6431464002643,15.172232720832586,0,4,4
12,55,34.39021853359894,83.66347978019554,0,14,14
12,56,75.36636211704584,0.7545920904077178,1,4,3
12,57,34.325681996934,8.231015137778831,1,2,2
12,58,7.732136882849077,16.743868984153476,0,1,1
12,59,89.04327622825016,40.18294960793687,0,8,8
12,60,24.22823004805067,93.81192241141028,0,13,13
12,61,65.36496503710225,67.39913186915177,0,11,11
12,62,27.075814645550818,23.128160301954424,0,2,2
12,63,89.16398930057937,69.92756989734546,0,12,12
12,64,80.83799934263328,45.93967345816999,0,8,8
12,65,74.19812981390997,78.00402168360988,0,15,15
12,66,15.238770351246062,0.5822869204104246,0,1,1
12,67,5.456319426970186,29.24755383273013,0,5,5
12,68,43.54374552954851,83.84974239946908,0,14,14
12,69,16.491215575569488,39.572669244404224,0,5,5
12,70,63.3223371009785,93.24228364845473,0,15,15
12,71,36.95876892761081,64.43735327213197,0,10,10
12,72,23.385522655211602,48.75524268660147,0,5,5
12,73,0.6508074516381215,90.98616408012215,0,13,13
12,74,43.90597991632063,65.64563784088263,0,10,10
12,75,34.32334662407392,36.97740901286164,0,6,6
12,76,74.75779806729477,21.427394476343135,0,3,3
12,77,89.79645419904648,51.08572503683421,0,12,12
12,78,79.91812807424222,34.43855419336852,0,8,8
12,79,66.30035015186257,40.68500820568204,0,7,7
12,80,45.637618588813154,14.83973997439178,0,2,2
13,1,23.59769493207633,69.11663079763835,0,9,9
13,2,9.75775166897747,85.35376393907836,0,13,13
13,3,10.624160613772778,73.24948706618504,0,9,9
13,4,30.33531054820633,84.54022574788593,0,14,14
13,5,6.5602615367455055,33.553960925197224,0,5,5
13,6,31.621948291415205,71.93881077107855,0,10,10
13,7,81.47992156820138,43.002530694574006,0,8,8
13,8,65.24367781187638,12.987221644046944,1,3,3
13,9,4.391296710329161,2.0405386855993526,0,1,1
13,10,30.92139194797357,21.38267176129032,0,2,2
13,11,57.471230289999255,7.171027766286799,0,3,3
13,12,46.577272961811715,59.55013294619575,1,10,10
13,13,11.33596030286209,84.19862500288265,0,13,13
13,14,69.04064237381442,15.44107073385426,0,3,3
13,15,69.50570288648181,37.00722665696744,0,7,7
13,16,0.4431651790787708,76.26125197157054,0,13,13
13,17,9.995835688210938,71.88829830163739,0,9,9
13,18,75.13647295610558,10.725802223615382,0,4,3
13,19,17.64925025486373,8.242904945424144,0,1,1
13,20,88.50243395667839,55.408548423665884,0,12,12
13,21,69.5476902010859,67.27987400783583,0,11,11
13,22,27.93751514479705,7.347625575461687,0,2,2
13,23,11.332875703988016,19.619494274406236,0,1,1
13,24,95.24742023734501,80.53231889413429,0,16,16
13,25,92.69359834159069,85.75387761806665,0,16,16
13,26,53.336161870854035,78.67208814246855,0,15,15
13,27,84.8564849464169,24.52978653298221,0,4,4
13,28,28.708091887365555,70.14601780678012,0,10,10
13,29,69.1088737141477,51.35963321340546,0,11,11
13,30,14.677974333551294,50.183246456745366,0,9,9
13,31,13.290635327381963,41.75299712125111,0,5,5
13,32,9.392601764651962,76.29437086490809,0,13,13
13,33,20.748468349326977,15.074692824694178,0,1,1
13,34,24.199683337017827,64.7677972081215,0,9,9
13,35,44.870286529899616,55.208841699520086,0,10,10
13,36,50.037807577545756,28.693010144685573,0,7,6
13,37,84.1494423743072,58.96162629839343,0,12,12
13,38,39.9678056416159,67.86916652429511,0,10,10
13,39,97.7725646890081,10.47286061204987,0,4,4
13,40,76.3669389313088,91.01281023261733,0,16,16
13,41,66.53919157832028,89.8790058044343,0,15,15
13,42,35.98309366976028,57.71580223519618,0,10,10
13,43,27.22980983525021,62.669481048641,0,10,10
13,44,95.15059225712669,69.02816273975182,0,12,12
13,45,14.436698104710748,78.20367533164155,0,13,13
13,46,41.94314353000008,82.69848376432091,0,14,14
13,47,30.885761376678524,48.923654077901965,0,6,6
13,48,20.92478246582336,81.31928666333386,0,13,13
13,49,94.24945609424849,7.072119343670938,0,4,4
13,50,18.769176986505094,3.1470405667067225,0,1,1
13,51,28.58931314889767,67.98465307213425,0,10,10
13,52,84.00322390511347,22.78561364534383,0,4,4
13,53,69.94788457768658,0.2564756130028088,0,3,3
13,54,99.00806959273552,16.921106825038432,0,4,4
13,55,35.54240102003188,85.00667582170254,0,14,14
13,56,75.58094480718249,1.126766727079459,0,4,4
13,57,33.49687057385627,8.320687563810731,0,2,2
13,58,8.853136572247749,16.64864592352921,0,1,1
13,59,89.93114603664606,39.8067215662367,0,8,8
13,60,25.30517009613161,93.33268524064344,0,14,13
13,61,65.94581499576263,67.34094721678213,0,11,11
13,62,26.160355659500492,24.300580619140092,0,2,2
13,63,89.56323684865997,71.44472683112315,0,12,12
13,64,81.10784888394977,45.780419135056064,0,8,8
13,65,73.97725723951238,77.64540576897733,0,15,15
13,66,15.475889984409324,1.3827321071683385,0,1,1
13,67,5.060926563884008,29.4587685332932,0,5,5
13,68,44.62656508902813,83.89754393278646,0,14,14
13,69,17.44562229832213,38.49140653373035,0,5,5
13,70,63.96407263704943,91.81940787688342,0,15,15
13,71,36.20852799931013,65.46798225182398,0,10,10
13,72,23.903652499208487,50.27848193494334,0,9,5
13,73,0.334849495140874,92.26391091867063,1,13,13
13,74,45.01205894520961,66.1535134711675,0,10,10
13,75,35.26842067867989,37.05604658173065,0,6,6
13,76,73.34517872712894,21.87385380704816,0,3,3
13,77,88.75824662357898,51.77513127196685,0,12,12
13,78,80.2585377395813,34.76357531111807,0,8,8
13,79,64.80236352578386,40.61879745094581,0,7,7
13,80,45.23428640486845,15.835251540258882,0,2,2
14,1,23.50485229218639,68.98401528746032,0,9,9
14,2,10.618465404860148,83.92176379258547,0,13,13
14,3,12.24314834324007,73.5130656382991,0,9,9
14,4,31.154014492184714,83.10951342416108,0,14,14
14,5,7.2869282384654595,34.22059504772775,0,5,5
14,6,31.744954864072326,72.75879261087806,0,10,10
14,7,81.93134614321656,42.32716483685722,0,8,8
14,8,65.3659763263054,13.766821620390198,0,3,3
14,9,4.917375657728341,2.6369811798535983,0,1,1
14,10,31.429409501489854,21.93702135122132,0,2,2
14,11,56.14541602111706,7.701226955912862,0,3,3
14,12,46.25681899592762,60.48994699555832,0,10,10
14,13,10.604560038787769,85.13839736072481,0,13,13
14,14,67.35871245088214,15.273776917517528,0,3,3
14,15,68.35746733943152,36.12648066337532,0,7,7
14,16,0.3543658977310877,76.38732983906219,0,13,13
14,17,10.525970941161333,70.66874850008666,0,9,9
14,18,74.10563339957126,11.129306597402497,0,3,4
14,19,18.48569513583234,8.767632456572333,0,1,1